0 0 0 0 0 0 0 0 0 0 415.256 0 0 0 0 0 415.256 0 0 0 0 0 0 0 0 0 0 830.511 0 0 0 0 0 0 0 0 0 0 0 0 0 0 0 0 0 0 0 0 0 0 0 0 0 0 0 0 0 0 0 0 723.121 1259.23 1514.97 1259.23 723.121 0 0 0 0 0 0 0 0 0 0 0 0 0 0 0 0 0 0 0 0 0 
0 0 0 0 0 0 0 0 723.121 1259.23 1514.97 1259.23 723.121 0 723.121 1259.23 1514.97 1259.23 723.121 0 415.256 0 0 0 0 1446.24 2518.47 3029.94 2518.47 1446.24 0 0 415.256 0 0 0 0 0 0 0 0 0 0 0 0 0 0 0 0 0 0 0 0 0 0 0 0 0 0 723.121 1822.65 3173.93 3818.53 3173.93 1822.65 723.121 0 0 0 0 0 0 0 0 0 0 0 0 0 0 0 0 0 0 0 0 
0 0 0 0 0 0 0 723.121 1822.65 3173.93 3818.53 3173.93 1822.65 1446.24 1822.65 3173.93 3818.53 3173.93 2545.77 1982.35 1514.97 1259.23 723.121 0 1446.24 3645.3 6347.87 7637.06 6347.87 3645.3 2169.36 1259.23 1514.97 1259.23 723.121 0 0 0 415.256 0 0 0 0 415.256 0 0 0 0 0 0 0 0 0 0 0 0 0 0 0 1674.49 3173.93 5527.05 7064.8 5527.05 3173.93 1259.23 0 0 0 0 0 0 0 0 0 0 0 0 0 0 0 0 0 0 0 0 
0 0 0 0 0 0 0 1259.23 3173.93 5527.05 6649.54 5527.05 3173.93 2518.47 3173.93 5527.05 6649.54 6250.17 4996.58 4433.17 4649.04 3173.93 1822.65 723.121 2518.47 6347.87 11054.1 13299.1 11054.1 7070.99 4756.37 3173.93 3818.53 3173.93 1822.65 723.121 723.121 1259.23 1514.97 1674.49 723.121 723.121 1259.23 1514.97 1259.23 723.121 0 0 0 0 0 0 0 0 0 0 0 1138.38 1674.49 3029.94 5800.89 8631.89 9930.23 7908.77 4541.65 1514.97 0 0 0 0 0 0 0 0 0 0 0 0 0 0 0 0 0 0 0 0 
0 0 0 0 0 0 415.256 1514.97 3818.53 6649.54 8000 6649.54 4233.79 3029.94 3818.53 6649.54 8000 7908.77 8438.71 9560.48 9679.48 8045.51 4620.18 2089.74 3029.94 7637.06 13299.1 16000 14022.2 10155.5 7718.85 6786.28 7372.66 5527.05 3173.93 1982.35 1822.65 4312.31 5077.76 4688.91 3805 3268.89 3173.93 3818.53 3173.93 1822.65 723.121 0 0 0 0 0 0 0 0 723.121 1982.35 3337.62 4433.17 6524.01 8893.64 11782.9 12706.2 9960.22 5719.7 1982.35 0 0 0 0 0 0 0 0 0 0 0 0 0 0 0 0 0 0 0 0 
0 0 0 0 0 0 0 1259.23 3173.93 5527.05 6649.54 5527.05 3173.93 2518.47 3173.93 5527.05 7064.8 8488.26 10637.8 14256.6 15637.1 12997.4 7463.83 2961.21 2518.47 6347.87 11054.1 14022.2 13292 11036.8 10155.5 10238.7 9822.65 7372.66 3818.53 3497.32 5156.29 8864.67 11498 10068.7 7607.1 6255.82 6665.42 6649.54 5527.05 3173.93 1259.23 0 0 0 0 0 0 0 723.121 1822.65 4433.17 6992.47 8700.98 11177.7 13069.4 15048.9 15545.8 11874.9 6819.23 2705.47 0 0 0 0 415.256 0 0 0 0 415.256 0 0 0 0 0 0 0 0 0 0 
0 0 0 0 0 0 0 723.121 1822.65 3173.93 4233.79 3173.93 1822.65 1446.24 1822.65 3173.93 3818.53 6951.63 11344.5 17304.3 19948.6 16581.1 9521.8 3777.7 1446.24 3645.3 6347.87 8896.3 9521.8 11154.7 12528.9 12984.3 11082.7 7509.4 4312.31 4596.85 8974.82 14901.2 18216 16796.2 13029.9 9766.67 9423.74 9259.23 7372.66 3818.53 1514.97 0 0 415.256 0 0 0 0 1259.23 3589.19 7042.02 10468.1 12591.8 13948.1 15624.4 17254.4 17679.5 13851.1 7715.59 2774.2 415.256 0 723.121 1259.23 1514.97 1259.23 723.121 723.121 1259.23 1514.97 1259.23 723.121 0 0 415.256 0 0 0 0 0 
0 0 0 415.256 0 0 0 0 1446.24 2518.47 3029.94 2518.47 1446.24 0 723.121 1259.23 2345.48 5012.3 10182.8 16473 19818.5 16473 9459.71 3753.06 0 1446.24 2933.72 4544.91 7060.12 11364.7 14255.8 15572.2 12070.2 7234.67 3805 6294.66 12038.6 19169.1 22644.7 20598 15987.2 12148.8 10860.6 9823.47 7349.7 3897.06 1259.23 723.121 1259.23 1514.97 1259.23 723.121 0 415.256 1514.97 3818.53 7908.77 11173.9 12591.8 13242.3 14034.5 16073.6 17168 13691.6 8974.82 4756.56 1514.97 1982.35 2545.77 3173.93 3818.53 3173.93 2545.77 2545.77 3173.93 3818.53 3173.93 1822.65 1446.24 1259.23 1514.97 1259.23 723.121 0 0 0 
0 723.121 1259.23 1514.97 1259.23 723.121 0 723.121 1822.65 3173.93 3818.53 3173.93 1822.65 723.121 0 0 0 2518.47 7070.99 12313.3 14814.1 12313.3 7070.99 2518.47 0 0 0 1259.23 5156.29 11246.8 17332.9 18769.3 14649.1 8653.42 4220.45 5800.89 12905.4 19874.9 22644.7 20428.3 15935.7 12506 11082.7 9345.58 6347.87 3081.88 1446.24 1822.65 3173.93 3818.53 3173.93 1822.65 723.121 0 1259.23 3173.93 6250.17 8472.19 8700.98 8974.82 10152.9 12346.3 14365.1 13242.6 10408.4 7394.19 4541.65 4433.17 4996.58 6665.42 6649.54 5942.3 4433.17 4433.17 5527.05 6649.54 5527.05 3897.06 3081.88 3173.93 3818.53 3173.93 1822.65 723.121 0 0 
723.121 1822.65 3173.93 3818.53 3173.93 1822.65 723.121 1259.23 3173.93 5527.05 6649.54 5527.05 3173.93 1259.23 0 0 0 1446.24 3645.3 6347.87 7637.06 6347.87 3645.3 1446.24 0 0 0 1138.38 5319.97 11989 19584.3 21642 17173.2 9538.24 5171.81 4688.91 10791.8 16381 18631.2 16416.2 12793.4 10710.3 9982.35 8164.51 5077.76 2238.09 1259.23 3173.93 5527.05 6649.54 5527.05 3173.93 1259.23 0 723.121 1822.65 3173.93 4541.65 4433.17 4060.74 5787.36 8330.22 11583.7 14324.3 14021 12198.3 10306.4 8488.26 8251.7 10146.9 10518.5 9302.89 7423.25 6056.62 6649.54 8000 6649.54 5077.76 4688.91 5527.05 6649.54 5527.05 3173.93 1259.23 0 0 
1259.23 3173.93 5527.05 6649.54 5527.05 3173.93 1674.49 1514.97 3818.53 6649.54 8415.26 6649.54 3818.53 1514.97 0 0 0 0 1446.24 2518.47 3029.94 2518.47 1446.24 0 0 0 0 415.256 5479.68 12684.9 20733.6 23817.5 19149.9 10166.4 4756.56 3081.88 6347.87 10068.7 11082.7 10123.9 8745.48 7509.4 6649.54 5527.05 3173.93 1674.49 1514.97 3818.53 6649.54 8000 6649.54 3818.53 1514.97 0 0 723.121 1259.23 1514.97 1259.23 1138.38 2238.09 5800.89 11125.5 15770.8 18183.7 17460.5 15234.7 12277.2 11612.6 12683.2 14443.7 13686.7 11360.2 8774.28 7696.41 6649.54 5942.3 4688.91 5077.76 6649.54 8000 6649.54 3818.53 1514.97 0 0 
1514.97 3818.53 6649.54 8000 6649.54 3818.53 1514.97 1259.23 3897.06 6786.28 8164.51 6786.28 3897.06 1259.23 415.256 0 0 0 0 0 0 0 0 0 0 0 0 1138.38 5319.97 11989 19169.1 21642 17173.2 9538.24 3497.32 1446.24 3081.88 4688.91 5800.89 5879.41 5160.27 5156.29 4541.65 3173.93 1822.65 723.121 1259.23 3173.93 5527.05 6649.54 5527.05 3173.93 1259.23 0 0 0 0 0 0 0 1259.23 4433.17 9960.22 16609.8 20877.6 20877.6 17869 13857.3 13042.1 15702.9 18517.9 19345.3 16969.1 12067.6 8078.46 5264.77 3173.93 3081.88 3897.06 5527.05 6649.54 5527.05 3173.93 1259.23 0 0 
1259.23 3173.93 5527.05 6649.54 5527.05 3173.93 1259.23 1446.24 3645.3 6347.87 7637.06 6347.87 4368.42 2705.47 1514.97 1259.23 723.121 0 0 0 0 0 0 0 0 0 0 1259.23 5156.29 11246.8 16609.8 17510.1 13134.1 6978.94 1982.35 0 723.121 1982.35 3337.62 4433.17 5264.77 4433.17 3337.62 1982.35 723.121 0 1138.38 1822.65 3173.93 3818.53 3173.93 1822.65 723.121 0 0 0 0 0 0 0 1138.38 3752.88 8507.44 15009.7 19646.1 20061.4 16524.7 12741.2 12225.3 16319.4 21161.9 24131.9 22186.7 15595.7 9537.33 4033.44 1259.23 1446.24 1822.65 3173.93 3818.53 3173.93 1822.65 723.121 0 0 
723.121 1822.65 3173.93 3818.53 3173.93 1822.65 723.121 1259.23 3897.06 6786.28 8164.51 7509.4 5719.7 4433.17 3818.53 3173.93 1822.65 723.121 0 0 0 0 0 0 0 0 415.256 1514.97 4541.65 9195.31 12433.2 11983 8251.7 4060.74 723.121 0 0 1259.23 3173.93 5527.05 6649.54 5527.05 3173.93 1259.23 723.121 1259.23 1514.97 1982.35 2812.86 1514.97 1674.49 723.121 0 0 0 0 0 0 0 0 0 1982.35 5692.4 10216 14158.9 14158.9 11475.2 8866.34 9599.15 12853.4 18691.2 23122.6 23509.4 17732.2 10411.3 4289.18 1138.38 0 723.121 1259.23 1514.97 1259.23 723.121 0 0 0 
0 723.121 1259.23 1514.97 1259.23 723.121 415.256 1514.97 3818.53 6649.54 8000 7908.77 6992.47 7042.02 6649.54 5527.05 3173.93 1259.23 0 0 0 0 0 0 0 0 0 1259.23 3173.93 6250.17 7908.77 7042.02 4433.17 1982.35 0 0 415.256 1514.97 3818.53 7064.8 8000 6649.54 3818.53 2238.09 1822.65 3173.93 5264.77 5692.4 5575.71 4500.82 3376.47 1259.23 723.121 0 0 0 0 0 0 415.256 415.256 723.121 2545.77 4996.58 6992.47 7407.72 5719.7 4368.42 5035.43 8159.65 12695.7 17418.4 19018.8 16050.7 11612.6 6951.63 3337.62 1982.35 723.121 0 0 0 0 0 0 0 
0 0 0 0 0 0 0 1259.23 3173.93 5527.05 7064.8 7042.02 6992.47 7908.77 8000 6649.54 3818.53 1514.97 0 0 0 0 0 0 0 0 0 723.121 1822.65 3173.93 3818.53 3173.93 1822.65 723.121 0 0 0 1982.35 4848.42 7042.02 7908.77 6250.17 3173.93 2518.47 3173.93 6973.29 10294.8 12598 13356.8 12040.3 8978.8 5879.41 2545.77 723.121 0 0 0 723.121 1982.35 2774.2 2774.2 1982.35 1446.24 2705.47 4033.44 4289.18 3964.71 3428.6 2774.2 4943.57 6886.88 9845.19 12070.2 13321.2 12117.5 10147.2 6992.47 4433.17 1822.65 723.121 0 0 0 0 0 0 
0 0 0 0 0 0 0 723.121 1822.65 3173.93 3818.53 4433.17 4996.58 6250.17 6649.54 5527.05 3173.93 1259.23 0 0 0 0 0 0 0 0 0 0 723.121 1259.23 1514.97 1259.23 723.121 0 0 0 1446.24 3805 6511.55 8251.7 7715.59 4996.58 3376.28 2238.09 3818.53 9168.01 14347.9 19686 22114.2 21270 16815.9 11219.4 4996.58 1982.35 0 0 723.121 2545.77 4996.58 6992.47 6992.47 4996.58 3268.89 2545.77 3173.93 4541.65 4996.58 4996.58 4541.65 3173.93 3684.15 4756.56 6848.47 10427.2 12620.2 12176.6 10468.1 7042.02 3173.93 1259.23 0 0 0 0 0 0 
0 0 0 0 0 0 0 0 723.121 1259.23 1514.97 1982.35 2545.77 3173.93 3818.53 3173.93 1822.65 723.121 0 0 0 0 0 0 415.256 0 0 0 0 0 0 0 0 0 0 723.121 3081.88 6347.87 10484 11082.7 10003 6415.52 3497.32 2518.47 4727.57 8556.99 14701.9 21600.3 26166.4 26734.9 22286.6 15206.5 6992.47 2774.2 0 0 1259.23 4433.17 8700.98 12176.6 12176.6 8700.98 6107.66 4433.17 5527.05 7908.77 8700.98 8700.98 7908.77 5527.05 3173.93 2518.47 3589.19 7457.27 10468.1 12176.6 11173.9 7908.77 3818.53 1514.97 0 0 0 0 0 0 
0 0 0 0 0 0 0 0 0 0 0 0 723.121 1259.23 1514.97 1259.23 723.121 0 0 0 0 0 723.121 1259.23 1514.97 1259.23 723.121 0 0 0 0 0 0 0 0 1674.49 5412.03 10604.8 15537.2 16768.6 13884.2 9510.93 6056.62 3897.06 3645.3 6415.52 10581.7 17002.2 22114.2 23953.8 20997.4 14695.1 6992.47 2774.2 0 415.256 1930.23 5333.5 10468.1 14649.5 15372.7 12142.6 8363.45 6592.74 7787.92 9514.97 10468.1 10883.3 9514.97 6649.54 3818.53 2961.21 3081.88 5948.14 8251.7 9424.1 8472.19 6250.17 3173.93 1259.23 0 0 0 0 0 0 
0 0 0 0 0 0 0 0 0 0 0 0 0 0 0 0 0 0 0 0 0 723.121 1822.65 3173.93 3818.53 3173.93 1822.65 723.121 0 0 0 0 0 0 415.256 2238.09 6900.41 13720.5 19168.2 20906.2 18160.7 14113 9731.42 6250.17 3897.06 3964.71 5160.27 9589.46 13356.8 15048.9 14113.4 10147.2 4996.58 1982.35 0 0 1259.23 4433.17 8700.98 12899.7 13999.2 11874.9 9510.93 7607.1 7349.7 9355.01 9960.22 10216 9168.01 6250.17 3897.06 3081.88 3897.06 5800.89 6511.55 6255.82 5264.77 3173.93 1822.65 723.121 0 0 0 0 0 0 
0 0 0 0 0 0 0 0 0 0 0 0 0 0 0 0 0 0 0 0 0 1259.23 3173.93 5527.05 6649.54 5527.05 3173.93 1259.23 0 0 0 0 0 0 0 2518.47 7070.99 14136 20062.2 21914.6 19989.9 16517.7 11897.1 7908.77 3818.53 1514.97 1446.24 3241.59 5575.71 6951.63 6779.74 4433.17 2545.77 723.121 0 0 723.121 2545.77 4996.58 8251.7 10166.4 10523.6 9918.43 8072.82 7070.99 7623.53 8170.52 8815.11 7715.59 4996.58 3805 3897.06 5527.05 6649.54 6250.17 4433.17 2774.2 1259.23 723.121 0 0 0 0 0 0 0 
0 0 0 0 0 0 0 0 0 0 0 0 0 0 0 0 0 0 0 0 415.256 1514.97 3818.53 6649.54 8000 6649.54 3818.53 1514.97 0 0 0 0 0 0 415.256 2238.09 6056.44 12061.6 16896.3 19247.2 18074.3 15137.8 10468.1 7042.02 3173.93 1259.23 0 0 723.121 1259.23 1514.97 1259.23 723.121 0 0 0 0 723.121 2397.61 4289.18 6592.74 8631.89 8723.12 7372.66 6337 6203.88 7509.4 8631.89 7042.02 4848.42 3497.32 3818.53 6649.54 8000 6649.54 3818.53 1514.97 0 0 0 0 0 0 0 0 0 
0 0 0 0 0 0 0 0 0 0 0 0 0 0 0 0 0 0 0 0 0 1259.23 3173.93 5527.05 6649.54 5527.05 3173.93 1259.23 0 0 0 0 0 0 0 1259.23 3897.06 8045.51 11338.4 13036.4 12369.2 9960.22 6992.47 4433.17 1822.65 723.121 0 0 0 0 0 0 0 0 0 0 0 0 0 1259.23 3173.93 5527.05 6649.54 5942.3 4688.91 5077.76 6649.54 8000 6649.54 3818.53 2774.2 3173.93 5527.05 6649.54 5527.05 3173.93 1259.23 0 0 0 0 0 0 0 0 0 
0 0 0 0 0 0 0 0 0 0 0 0 0 0 0 0 0 0 0 0 0 723.121 1822.65 3173.93 3818.53 3173.93 1822.65 723.121 0 0 0 0 0 0 0 723.121 1822.65 3897.06 5641.18 6347.87 6364.3 5156.29 3337.62 1982.35 723.121 0 0 0 0 0 0 0 0 0 0 0 0 0 0 723.121 1822.65 3173.93 3818.53 3173.93 3081.88 3897.06 5527.05 6649.54 5527.05 3173.93 1982.35 1822.65 3173.93 3818.53 3173.93 1822.65 723.121 0 0 0 0 0 0 0 0 0 
0 0 0 0 0 0 0 0 0 0 0 0 0 0 0 0 0 0 0 0 0 0 723.121 1259.23 1514.97 1259.23 723.121 0 0 0 0 0 0 0 0 0 723.121 1259.23 2238.09 2518.47 2238.09 1259.23 723.121 0 0 0 0 0 0 0 0 0 0 0 0 0 0 0 0 0 723.121 1259.23 1514.97 1259.23 1446.24 1822.65 3173.93 3818.53 3173.93 1822.65 723.121 723.121 1259.23 1514.97 1259.23 723.121 0 0 0 0 0 0 0 0 0 0 
0 0 0 0 0 0 0 0 0 0 0 0 0 0 0 0 0 0 0 0 0 0 0 0 0 0 0 0 0 0 0 0 0 0 0 0 0 0 0 0 0 0 0 0 0 0 0 0 0 0 0 0 0 0 0 0 0 0 0 0 0 0 0 0 0 723.121 1259.23 1514.97 1259.23 723.121 0 0 0 0 0 0 0 0 0 0 0 0 0 0 0 0 
0 0 0 0 0 0 0 0 0 0 0 0 0 0 0 0 0 0 0 0 0 0 0 0 0 0 0 0 0 0 0 0 0 0 0 0 0 0 0 0 0 0 0 0 0 0 0 0 0 0 0 0 0 0 0 0 0 0 0 0 0 0 0 0 0 0 0 0 0 0 0 0 0 0 0 0 0 0 0 0 0 0 0 0 0 0 
