0.0544812 0.154082 0.348885 0.637162 0.935651 1.11648 1.09965 0.92042 0.684897 0.474461 0.310185 0.170845 0.0887149 0.0401161 0.0289195 0.0503266 0.139623 0.308769 0.544292 0.764806 0.856626 0.764806 0.544292 0.308769 0.139623 0.0503266 0 0 0 0 0 0.00415455 0.0144597 0.0401161 0.0887149 0.156385 0.219743 0.246124 0.219743 0.156385 0.0887149 0.0401161 0.0144597 0 0 0 0 0 0 0 0 0 0 0 0 0 0 0 0 0 0 0 0 0 0 0 0 0 0 0 0 0 0 0 0 0 0 0 0 0 0 0 0 0 0 0 
0.158237 0.452145 1.03636 1.92614 2.88729 3.54085 3.62206 3.19527 2.54185 1.88759 1.30391 0.765464 0.397484 0.179739 0.104902 0.139623 0.387358 0.856626 1.51005 2.12182 2.37656 2.12182 1.51005 0.856626 0.387358 0.139623 0 0 0 0 0 0.0144597 0.0503266 0.139623 0.308769 0.544292 0.764806 0.856626 0.764806 0.544292 0.308769 0.139623 0.0503266 0 0 0 0 0 0 0 0 0 0 0 0 0 0 0 0 0 0 0 0 0 0 0 0 0 0 0 0 0 0 0 0 0 0 0 0 0 0 0 0 0 0 0 
0.367499 1.06103 2.46149 4.64808 7.09299 8.88901 9.33702 8.50011 6.99174 5.34392 3.76665 2.27321 1.20551 0.61985 0.449509 0.568628 1.19146 2.27052 3.71552 5.03131 5.52998 4.90328 3.51683 2.09505 1.10529 0.595009 0.308458 0.31277 0.308458 0.28624 0.234202 0.196501 0.228337 0.427475 0.871086 1.5142 2.13628 2.41668 2.21054 1.66643 1.07637 0.633483 0.359365 0.156385 0.0887149 0.0401161 0.0144597 0 0 0 0 0 0 0 0 0 0 0 0 0 0 0 0 0 0 0 0 0 0 0 0 0 0 0 0 0 0 0 0 0 0 0 0 0 0 0 
0.687583 2.00876 4.723 9.07525 14.1137 18.0917 19.5259 18.3551 15.636 12.3584 8.97624 5.64461 3.11038 1.7236 1.28811 1.48884 2.6899 4.6485 7.19573 9.45139 10.2193 9.00577 6.50417 4.03777 2.3755 1.54054 1.07358 1.08858 1.07358 0.996248 0.815133 0.633007 0.617538 0.996248 1.94472 3.35386 4.74264 5.39528 5.00109 3.88369 2.6592 1.71325 1.07358 0.544292 0.308769 0.139623 0.0503266 0 0 0 0 0 0 0 0 0 0 0 0 0 0 0 0 0 0 0 0 0 0 0 0 0 0.00415455 0.0144597 0.0401161 0.0887149 0.156385 0.219743 0.246124 0.219743 0.156385 0.0887149 0.0401161 0.0144597 0 0 
1.05002 3.11866 7.46081 14.6472 23.3005 30.6412 34.0233 32.969 28.9207 23.4331 17.3763 11.2551 6.40041 3.80771 3.03124 3.41361 5.40534 8.32418 11.9034 14.896 15.6668 13.6597 9.98478 6.62984 4.52289 3.52873 2.97845 3.02009 2.97845 2.76392 2.26145 1.66643 1.40092 1.8974 3.47902 5.92675 8.41531 9.6664 9.16827 7.48539 5.6176 4.10635 2.91224 1.72979 1.01301 0.476073 0.179739 0.0144597 0 0 0 0 0 0 0 0 0 0 0 0 0 0 0 0 0 0 0 0 0 0 0 0 0.0144597 0.0503266 0.139623 0.308769 0.544292 0.764806 0.856626 0.764806 0.544292 0.308769 0.139623 0.0503266 0 0 
1.32147 4.00889 9.79448 19.7064 32.1334 43.3837 49.4924 49.2532 44.2688 36.6396 27.7586 18.601 11.0605 7.12502 6.06001 6.79293 9.67038 13.3018 17.3364 20.3455 20.595 17.7426 13.2995 9.76014 7.8428 7.06178 6.64544 6.74783 6.71554 6.35738 5.37721 4.02501 3.12506 3.35458 5.24618 8.48908 12.0005 13.9394 13.6567 11.9197 9.92892 8.14229 6.3179 4.11866 2.4788 1.25411 0.604776 0.270069 0.250279 0.234202 0.196501 0.17743 0.196501 0.234202 0.246124 0.219743 0.156385 0.0887149 0.0401161 0.0144597 0 0 0 0 0 0 0 0 0 0 0 0 0.0401161 0.139623 0.387358 0.856626 1.51005 2.12182 2.37656 2.12182 1.51005 0.856626 0.387358 0.139623 0 0 
1.38706 4.32766 10.8404 22.4121 37.5234 52.0274 60.8647 61.953 56.7719 47.8617 37.1337 25.9293 16.3828 11.5044 10.4305 11.7523 15.4653 19.3656 23.0605 25.1714 24.3051 20.6369 16.0035 13.1134 12.0663 11.8771 11.8153 12.0135 12.0593 11.6277 10.1249 7.75419 5.81746 5.1957 6.65301 9.86936 13.7924 16.2809 16.7489 16.0223 15.0773 13.8517 11.6756 8.27852 5.23519 2.89518 1.63648 1.0076 0.951318 0.918308 0.844454 0.85174 0.970155 1.12359 1.1694 1.07742 0.844992 0.583087 0.384722 0.295427 0.259859 0.260584 0.219743 0.156385 0.0887149 0.0401161 0.0144597 0 0 0 0 0 0.0887149 0.308769 0.856626 1.89439 3.3394 4.69232 5.25566 4.69232 3.3394 1.89439 0.856626 0.308769 0 0 
1.23406 3.99946 10.3085 21.9381 37.7514 53.7418 64.3192 66.6715 61.9758 53.0785 42.2813 30.9666 20.9878 15.9318 15.1612 17.1709 21.4733 25.2372 28.0976 28.8839 26.8239 22.6652 18.3462 16.4334 16.312 16.6312 16.8821 17.2097 17.559 17.5065 16.0193 12.9897 9.95551 7.87551 7.82379 9.73526 13.0032 15.5882 17.1861 18.4878 19.794 20.1409 18.2275 13.8683 9.2757 5.63764 3.69023 2.78969 2.69592 2.62054 2.45616 2.52838 2.89365 3.33502 3.46515 3.20986 2.55662 1.81138 1.24042 0.992684 0.904429 0.906953 0.764806 0.544292 0.308769 0.139623 0.0503266 0 0 0 0 0 0.156385 0.544292 1.51005 3.3394 5.88663 8.27153 9.26458 8.27153 5.88663 3.3394 1.51005 0.544292 0 0 
0.94548 3.22906 8.58673 18.8217 33.3078 48.6709 59.4805 62.561 58.7195 50.9336 41.6988 32.1607 23.5223 19.1986 19.0839 21.7824 26.4236 30.0017 32.2465 32.1795 29.5574 25.3766 21.3889 19.7342 19.5 19.5178 19.6566 20.1742 21.2444 22.4374 22.1261 19.5253 15.8366 11.9584 9.44427 8.88377 10.4499 12.4942 15.0773 18.6302 22.6314 25.2191 24.4257 19.9667 14.3755 9.73217 7.25623 6.23286 6.11909 5.99733 5.74618 6.05023 6.95994 7.97953 8.27575 7.71088 6.24294 4.54319 3.2233 2.67544 2.50918 2.51618 2.12182 1.51005 0.856626 0.387358 0.139623 0 0 0 0 0 0.219743 0.764806 2.12182 4.69232 8.27153 11.6227 13.018 11.6227 8.27153 4.69232 2.12182 0.764806 0 0 
0.644581 2.36459 6.49728 14.6597 26.6748 39.9692 49.7497 52.839 49.7064 43.3151 36.2182 29.3478 23.2612 20.5933 21.7298 25.3691 30.4441 34.1924 36.43 36.308 33.842 29.8347 25.6603 22.8633 20.9278 19.5324 18.9741 19.7405 21.9437 25.2626 27.3991 26.597 23.0657 17.5224 12.1594 8.57943 7.86003 8.81541 11.766 16.8318 22.8913 27.6114 28.6016 25.2195 19.7697 14.8603 12.2014 11.2395 11.1342 11.019 10.8248 11.6799 13.509 15.4025 15.9434 14.947 12.3077 9.19711 6.74383 5.77808 5.54894 5.56443 4.69232 3.3394 1.89439 0.856626 0.308769 0 0 0 0 0 0.246124 0.856626 2.37656 5.25566 9.26458 13.018 14.5809 13.018 9.26458 5.25566 2.37656 0.856626 0 0 
0.424257 1.6872 4.77605 11.0345 20.5443 31.3629 39.4511 41.8745 38.9087 33.4491 28.0541 23.6927 20.5593 20.3791 23.6468 28.9851 35.2052 39.8807 42.7361 42.9996 40.7645 36.468 31.1942 25.9175 21.0706 17.5253 15.9613 17.0888 20.5972 26.2547 31.1406 32.6218 29.7411 23.0397 15.2981 9.1153 6.33597 6.11281 8.80853 14.2076 20.9792 26.9305 29.7314 28.2899 24.1445 19.7799 17.2354 16.363 16.2579 16.2711 16.4364 18.2005 21.168 23.9984 24.7913 23.39 19.5904 15.0182 11.3478 9.99083 9.78158 9.80887 8.27153 5.88663 3.3394 1.51005 0.544292 0 0 0 0 0 0.219743 0.764806 2.12182 4.69232 8.27153 11.6227 13.018 11.6227 8.27153 4.69232 2.12182 0.764806 0 0 
0.299676 1.26275 3.65846 8.57558 16.1626 24.8054 31.0858 32.4329 29.129 24.0103 19.5977 17.0852 16.565 19.1714 25.0987 32.8217 40.9759 47.2442 50.9754 51.4425 48.8565 43.5192 36.5077 28.3975 20.6532 15.1299 12.817 14.4569 19.0509 26.2755 32.8326 35.8022 33.5599 26.5265 17.6588 10.0545 6.07926 5.12296 7.41524 12.3193 18.5358 24.3764 28.0971 28.4376 25.9982 22.5669 20.1864 19.2399 19.0707 19.3318 20.1324 22.8988 26.781 30.1896 31.124 29.5527 25.1692 19.7649 15.3404 13.8205 13.7445 13.7828 11.6227 8.27153 4.69232 2.12182 0.764806 0 0 0 0 0 0.156385 0.544292 1.51005 3.3394 5.88663 8.27153 9.26458 8.27153 5.88663 3.3394 1.51005 0.544292 0 0 
0.274318 1.11114 3.1931 7.38637 13.7342 20.6788 25.2691 25.4199 21.6327 16.6524 12.8079 11.4169 12.584 17.2914 25.3829 35.3651 45.6611 53.7604 58.3809 58.7679 55.344 48.6408 39.9695 29.7668 20.2441 13.6282 11.154 13.3475 18.4616 25.8891 32.336 35.3767 33.529 27.0915 18.5829 10.9299 6.87899 6.1139 8.60253 13.0211 17.9822 22.2625 25.1555 25.8863 24.4567 21.7459 19.4319 18.2834 18.0053 18.5399 19.9928 23.4157 27.5706 30.9073 31.7669 30.2988 26.1743 20.9836 16.6565 15.285 15.3946 15.4375 13.018 9.26458 5.25566 2.37656 0.856626 0 0 0 0 0 0.0887149 0.308769 0.856626 1.89439 3.3394 4.69232 5.25566 4.69232 3.3394 1.89439 0.856626 0.308769 0 0 
0.260584 0.995667 2.82495 6.43551 11.768 17.3564 20.7323 20.3232 16.7701 12.4515 9.24155 8.35873 9.94021 15.1734 23.8287 34.7396 46.203 55.3529 60.2703 60.2151 55.9903 48.5877 39.46 28.9355 19.4399 12.9276 10.8632 13.4242 18.3987 24.89 29.9857 32.2427 30.8232 25.8275 18.9169 12.4475 9.46572 9.97194 13.4929 17.7437 21.0364 22.4366 22.5526 21.7392 20.0454 17.5445 15.2993 14.092 13.8037 14.569 16.4165 19.8567 23.5211 26.1438 26.6612 25.3906 22.1145 17.9883 14.5242 13.5081 13.7445 13.7828 11.6227 8.27153 4.69647 2.13628 0.804922 0.0887149 0.156385 0.219743 0.246124 0.219743 0.196501 0.228337 0.427475 0.871086 1.51005 2.12182 2.37656 2.12182 1.51005 0.856626 0.387358 0.139623 0 0 
0.219743 0.804922 2.26145 5.11979 9.3079 13.6928 16.4989 16.6997 14.7818 12.2417 10.0792 9.17387 9.82534 13.6545 20.8243 30.6863 41.5768 50.3498 54.6863 53.9823 49.4888 42.6051 34.6546 25.7268 17.9491 12.5362 11.0081 13.3252 17.3905 22.3239 25.8817 27.4985 26.8766 23.7624 18.9255 14.229 12.9805 15.5158 20.7382 25.209 26.7402 24.6202 20.8698 17.2918 14.437 11.8018 9.8201 8.89537 8.81285 9.81643 11.8605 14.9713 17.8573 19.5329 19.4595 18.1093 15.5653 12.6076 10.2223 9.5348 9.78158 9.80887 8.27153 5.88663 3.35386 1.56037 0.683915 0.308769 0.544292 0.764806 0.856626 0.764806 0.558752 0.359096 0.279245 0.359096 0.544292 0.764806 0.856626 0.764806 0.544292 0.308769 0.139623 0.0503266 0 0 
0.156385 0.558752 1.56037 3.57189 6.60734 10.0759 13.0591 15.0854 16.2079 16.6082 16.0386 14.848 13.6735 14.7218 18.9012 26.0846 34.7813 41.7803 44.684 43.1353 38.826 33.404 27.9259 22.1208 17.2996 13.5881 12.251 13.3687 15.6507 18.6323 20.8591 22.1633 22.5047 21.2502 18.5719 16.0734 17.0386 21.8984 28.8264 33.4337 33.1534 27.6755 20.227 13.8309 9.63744 6.75861 5.23186 4.8915 5.38404 6.98766 9.56147 12.6764 15.0436 15.7744 14.7075 12.6042 10.0683 7.72735 6.14966 5.61953 5.76868 5.72081 4.78103 3.37951 1.94897 0.996248 0.696127 0.856626 1.51005 2.12182 2.37656 2.12182 1.51005 0.856626 0.387358 0.139623 0 0 0 0 0 0 0 0 0 0 
0.0887149 0.308769 0.856626 2.06523 4.0904 7.01511 10.8623 15.7953 21.3221 26.0333 28.0057 26.705 23.1034 20.1334 19.7916 22.6145 27.5826 31.6919 32.7842 30.5834 27.0406 23.7332 21.3924 19.2989 17.708 15.6655 13.9429 13.0568 12.9392 13.7998 14.9569 16.1771 17.4365 17.8611 17.3917 17.4755 20.8358 27.5843 35.2124 39.0376 36.678 28.6435 18.9238 11.0117 6.29878 3.54367 2.69865 3.17355 4.65384 7.42486 11.187 14.9666 17.2166 16.9708 14.4017 10.8059 7.4551 5.01191 3.81539 3.27362 3.27399 3.06048 2.43059 1.64967 0.995667 0.696127 0.996248 1.89439 3.3394 4.69232 5.25566 4.69232 3.3394 1.89439 0.856626 0.308769 0 0 0 0 0 0 0 0 0 0 
0.0401161 0.139623 0.387358 1.11648 2.63422 5.64091 10.9004 19.1188 29.3041 38.6244 43.5034 42.3502 36.2835 28.8846 23.3082 20.872 21.3688 22.2509 21.8266 19.5953 17.51 16.7564 17.6744 19.0214 19.9629 18.8395 16.0869 12.8508 10.2483 9.02715 9.18388 10.239 12.2244 14.207 16.0224 18.7717 24.172 31.7479 38.646 40.7435 36.4541 27.2664 17.1792 9.26926 4.80071 2.35866 2.09573 3.38067 6.14703 10.6424 16.1887 21.0366 23.1519 21.5787 17.0469 11.6443 7.28359 4.60108 3.77981 3.31834 3.18264 2.63674 1.86756 1.15139 0.761161 0.77263 1.60049 3.35386 5.88663 8.27153 9.26458 8.27153 5.88663 3.3394 1.51005 0.544292 0 0 0 0 0 0 0 0 0 0 
0.0144597 0.0503266 0.139623 0.643608 1.95581 5.23075 11.6923 22.476 36.3157 49.4433 57.0174 56.3973 48.5261 37.3548 26.9841 19.5783 15.9345 14.0701 12.9279 11.6235 11.9254 14.3369 18.4681 22.3252 24.1919 22.5037 18.0508 12.7162 8.3925 5.91852 5.72946 6.96357 9.66761 12.91 16.4092 20.8074 26.8524 33.6196 38.4132 38.2703 32.6384 23.7842 15.0008 8.3475 4.76673 2.9839 3.44025 5.73375 9.95951 16.1093 23.0807 28.3949 29.7203 26.4202 19.9135 13.0997 8.23808 5.76628 5.68856 5.56443 5.23661 4.1042 2.75102 1.62143 1.0728 1.07358 2.26145 4.74264 8.27153 11.6227 13.018 11.6227 8.27153 4.69232 2.12182 0.764806 0 0 0 0 0 0 0 0 0 0 
0 0 0 0.376128 1.52884 4.86254 11.775 23.595 38.9703 53.8179 62.8085 62.733 54.2707 41.3123 28.3416 18.0068 11.8926 8.53961 7.54196 7.74462 10.6471 16.0608 22.7095 27.7196 28.8107 25.2397 18.7498 11.9264 6.84171 3.9101 3.89628 5.63986 9.21396 13.6124 18.1934 23.0209 28.2454 32.9858 35.178 33.1828 27.3516 20.3053 14.1218 9.53912 7.00988 5.77592 6.63471 9.65529 14.9243 21.9653 29.3213 34.0114 33.7688 28.6344 20.762 13.6682 9.47275 8.14808 9.4237 10.1212 9.78158 8.00845 5.71596 3.63187 2.30046 1.71325 2.76392 5.39528 9.26458 13.018 14.5809 13.018 9.26458 5.25566 2.37656 0.856626 0 0 0 0 0 0 0 0 0 0 
0 0 0 0.376128 1.46548 4.64203 11.1632 22.2157 36.4936 50.2121 58.4917 58.3403 50.3213 37.9128 25.2464 14.8243 8.43557 4.93787 4.41624 5.91008 10.7856 18.4405 26.7243 31.9227 31.5168 25.8076 17.6562 10.1447 5.13908 2.41447 2.97488 5.45635 9.88986 15.1064 20.0301 24.2806 27.878 30.4041 30.5324 27.6446 22.6211 18.0643 14.7897 12.3238 10.6051 9.71584 10.7556 14.1816 19.7378 26.3246 32.4713 35.2621 33.0269 26.5717 18.421 12.2521 9.65004 10.0903 13.0236 14.9124 14.962 12.9638 9.94797 6.81414 4.32395 2.6592 2.97845 5.00109 8.27153 11.6227 13.018 11.6227 8.27153 4.69232 2.12182 0.764806 0 0 0 0 0 0 0 0 0 0 
0 0 0 0.334839 1.25411 3.91808 9.31577 18.2866 29.6257 40.1971 46.1996 45.48 38.7055 28.6899 18.634 10.3716 5.4133 2.85892 3.02235 5.38613 11.1289 19.5254 27.9808 32.5012 30.7284 23.7848 15.2036 8.09252 3.85377 1.71325 2.68533 5.41204 9.96526 15.1755 19.7894 23.2403 25.6259 26.8952 26.1346 23.2489 19.3755 17.0047 16.0999 15.3234 14.1036 13.3664 14.3648 17.7198 22.6866 27.6305 31.4555 31.8772 28.1037 21.4178 14.144 9.60256 8.70735 10.6655 14.8368 17.9203 18.9046 17.5361 14.5202 10.6481 6.89964 3.88369 3.02009 3.88369 5.88663 8.27153 9.26458 8.27153 5.88663 3.3394 1.51005 0.544292 0 0 0 0 0 0 0 0 0 0 
0 0 0 0.259859 0.944545 2.8939 6.78936 13.0936 20.7971 27.5991 30.9793 29.763 24.7152 17.8475 11.2179 5.84569 2.74745 1.29611 1.83838 4.28376 9.52425 16.9304 24.1019 27.5461 25.3671 18.9196 11.5065 5.75369 2.60598 1.15216 2.26145 4.78103 8.80004 13.2842 17.1739 20.0417 22.092 23.3268 22.8106 20.48 17.5434 16.3236 16.5514 16.5897 15.5342 14.8287 15.5938 18.4131 22.1639 25.0163 26.4362 25.0394 20.8133 15.0639 9.47334 6.61032 6.84226 9.4237 13.8841 17.7103 19.8942 19.8942 17.7103 13.7445 9.12505 5.00109 2.97845 2.6592 3.3394 4.69232 5.25566 4.69232 3.3394 1.89439 0.856626 0.308769 0 0 0 0 0 0 0 0 0 0 
0 0 0 0.170845 0.609079 1.82883 4.23618 8.02379 12.4713 16.1228 17.5637 16.338 13.1284 9.18444 5.60708 2.80436 1.30502 0.700128 1.22821 3.03455 6.72912 11.9129 16.8518 19.0735 17.3079 12.6299 7.4436 3.56438 1.55374 0.683915 1.56037 3.37951 6.27238 9.52998 12.5481 15.1769 17.5818 19.498 19.7424 18.0508 15.5783 14.4588 14.6673 14.7791 13.7948 13.1603 13.6478 15.6563 18.0292 19.1589 18.9737 16.8777 13.28 9.17449 5.50512 3.95174 4.5782 6.88288 10.6984 14.5202 17.5361 18.9046 17.9203 14.5281 9.84899 5.39528 2.76392 1.71325 1.51005 2.12182 2.37656 2.12182 1.51005 0.856626 0.387358 0.139623 0 0 0 0 0 0 0 0 0 0 
0 0 0 0.0887149 0.308769 0.911202 2.08434 3.88084 5.90804 7.44962 7.88771 7.11688 5.54583 3.76759 2.23897 1.07127 0.498718 0.317052 0.667864 1.71325 3.78878 6.67879 9.38463 10.5113 9.38463 6.67879 3.78878 1.71325 0.706253 0.308769 0.856626 1.90885 3.60947 5.59674 7.68625 9.92892 12.3757 14.5301 15.1837 13.9858 11.9197 10.7186 10.6001 10.5737 9.78158 9.3292 9.58512 10.7778 12.012 12.1552 11.3438 9.45168 6.96717 4.5167 2.51193 1.85287 2.47323 4.1042 6.81414 9.94797 12.9638 14.962 14.9124 12.4793 8.59476 4.74264 2.26145 1.07358 0.544292 0.764806 0.856626 0.764806 0.544292 0.308769 0.139623 0.0503266 0 0 0 0 0 0 0 0 0 0 
0 0 0 0.0401161 0.139623 0.401818 0.906953 1.64967 2.43059 2.92085 2.88663 2.36667 1.62143 0.931651 0.448391 0.139623 0.0503266 0.0802321 0.279245 0.774717 1.71325 3.02009 4.24365 4.75312 4.24365 3.02009 1.71325 0.774717 0.319361 0.139623 0.387358 0.856626 1.66643 2.66612 3.88661 5.46122 7.39667 9.21687 9.96071 9.26778 7.78102 6.67879 6.29108 6.10872 5.54894 5.2739 5.37341 5.9363 6.42105 6.20236 5.46122 4.27095 2.97845 1.85893 0.996248 0.774717 1.15263 2.05434 3.63187 5.71596 8.00845 9.78158 10.1212 8.65889 6.02625 3.3394 1.51005 0.544292 0 0 0 0 0 0 0 0 0 0 0 0 0 0 0 0 0 0 
0 0 0 0.0144597 0.0503266 0.139623 0.308769 0.544292 0.764806 0.856626 0.764806 0.544292 0.308769 0.139623 0.0503266 0 0 0.0289195 0.100653 0.279245 0.617538 1.08858 1.52961 1.71325 1.52961 1.08858 0.617538 0.279245 0.115113 0.0503266 0.139623 0.308769 0.633007 1.07358 1.71325 2.6592 3.88369 5.0412 5.5349 5.13 4.19602 3.40443 3.01856 2.82495 2.50918 2.38113 2.417 2.6488 2.82495 2.66612 2.27485 1.71325 1.15216 0.698375 0.359096 0.279245 0.44781 0.853061 1.62143 2.75102 4.1042 5.23661 5.56443 4.83194 3.38972 1.89439 0.856626 0.308769 0 0 0 0 0 0 0 0 0 0 0 0 0 0 0 0 0 0 
