0 0 0 0 0 0 0 0 0 0 0 0 0 723.121 1259.23 1514.97 1259.23 723.121 0 0 0 0 0 0 0 0 0 0 0 0 0 0 0 0 0 0 0 0 0 0 0 0 0 0 415.256 0 0 0 0 0 0 0 0 0 0 0 0 0 0 0 0 0 0 0 0 0 0 0 0 0 0 0 0 0 0 0 0 0 0 0 0 0 0 0 0 0 
0 0 0 0 0 0 0 0 0 0 0 0 723.121 1822.65 3173.93 3818.53 3173.93 1822.65 723.121 0 0 0 0 0 0 0 0 0 0 0 0 0 0 0 0 0 0 0 0 0 0 0 723.121 1259.23 1514.97 1259.23 723.121 0 0 0 0 0 0 0 415.256 0 0 0 0 0 0 0 0 0 0 0 0 0 0 0 0 0 0 0 0 0 0 0 0 0 0 0 0 0 0 0 
0 0 0 0 0 0 0 0 0 0 0 0 1259.23 3173.93 5527.05 6649.54 5527.05 3173.93 1259.23 0 0 0 0 0 0 0 0 0 0 0 0 0 0 0 0 0 0 0 0 0 0 723.121 1822.65 3173.93 3818.53 3173.93 1822.65 723.121 0 0 0 0 723.121 1259.23 1514.97 1259.23 723.121 0 0 415.256 0 0 0 0 0 0 0 0 0 0 0 0 0 0 0 0 0 0 0 0 0 0 0 0 0 0 
0 0 0 0 0 0 415.256 0 0 0 0 415.256 1514.97 3818.53 6649.54 8000 6649.54 3818.53 1514.97 0 0 0 0 0 0 0 0 0 0 0 0 0 0 0 0 0 0 0 0 0 0 1259.23 3173.93 5527.05 6649.54 5527.05 3173.93 1259.23 0 0 0 723.121 1822.65 3173.93 3818.53 3173.93 1822.65 1446.24 1259.23 1514.97 1259.23 723.121 0 0 0 0 0 0 0 0 0 0 0 0 0 0 0 0 415.256 0 0 0 0 0 0 0 
0 0 0 0 723.121 1259.23 1514.97 1259.23 723.121 0 0 0 1259.23 3173.93 5942.3 6649.54 5527.05 3173.93 1259.23 0 0 0 0 0 0 0 0 0 0 0 0 0 0 0 0 0 0 415.256 0 0 415.256 1514.97 3818.53 6649.54 8000 6649.54 3818.53 1514.97 0 0 0 1259.23 3173.93 5527.05 6649.54 5527.05 3897.06 3081.88 3173.93 4233.79 3173.93 1822.65 723.121 415.256 415.256 0 0 0 0 0 0 0 0 415.256 415.256 0 723.121 1259.23 1514.97 1259.23 723.121 0 0 0 0 0 
0 0 0 723.121 1822.65 3173.93 3818.53 3173.93 1822.65 723.121 0 0 1861.5 3081.88 4688.91 5077.76 3897.06 1822.65 723.121 0 0 0 0 0 0 0 0 0 0 0 0 0 0 0 0 723.121 1259.23 1514.97 1259.23 723.121 0 1259.23 3173.93 5527.05 6649.54 5527.05 3173.93 1259.23 0 0 415.256 1514.97 3818.53 6649.54 8000 6649.54 5077.76 5412.03 6786.28 8164.51 6786.28 4620.18 3241.59 3189.46 2774.2 1982.35 723.121 0 0 0 415.256 723.121 1982.35 2774.2 2774.2 2705.47 2545.77 3173.93 3818.53 3173.93 1822.65 723.121 0 0 0 0 
0 0 0 1259.23 3173.93 5527.05 6649.54 5527.05 3173.93 1259.23 723.121 1982.35 3337.62 5156.29 5800.89 4688.91 3081.88 1446.24 0 415.256 0 0 0 0 0 0 0 0 0 0 0 0 0 0 723.121 1822.65 3589.19 4233.79 3173.93 1822.65 723.121 723.121 1822.65 3173.93 3818.53 3173.93 1822.65 723.121 0 0 0 1259.23 3173.93 5527.05 6649.54 5942.3 5412.03 6900.41 9823.47 11818.5 10546.6 8910.07 8493.91 8507.44 8666.96 5719.7 2545.77 723.121 723.121 1259.23 2238.09 3805 5719.7 6992.47 6992.47 6255.82 5719.7 6250.17 6649.54 5527.05 3173.93 1259.23 0 0 0 0 
0 0 415.256 1514.97 3818.53 6649.54 8000 6649.54 3818.53 2238.09 1822.65 4433.17 6992.47 8700.98 8472.19 6250.17 3173.93 1982.35 1674.49 1514.97 1259.23 723.121 0 0 0 0 415.256 0 0 0 0 0 0 0 1982.35 5156.29 8301.25 9423.74 7509.4 3897.06 1259.23 0 723.121 1259.23 1514.97 1259.23 723.121 0 0 0 0 723.121 2237.9 3173.93 3818.53 3173.93 4341.11 7070.99 11054.1 13299.1 13036.4 12603.7 15116.5 17669.6 16865.5 11782.9 5879.41 1982.35 1822.65 3173.93 5077.76 7607.1 10523.6 12899.7 12591.8 10216 8251.7 7908.77 8000 6649.54 3818.53 1514.97 0 0 0 0 
0 0 0 1259.23 3173.93 5527.05 6649.54 5527.05 3173.93 2518.47 3589.19 7042.02 10468.1 12176.6 11173.9 7908.77 5264.77 4596.85 4688.91 5077.76 3897.06 1822.65 723.121 0 723.121 1259.23 1514.97 1259.23 723.121 0 0 415.256 0 1138.38 4060.74 8815.11 13642 14992.5 11646.1 6364.3 2238.09 0 0 0 0 0 0 0 0 0 723.121 1259.23 2238.09 2518.47 2238.09 1674.49 2961.21 5641.18 9823.47 12233.8 13012.9 15594.9 21315.1 25988 25254.4 17954.3 8415.38 3497.32 3173.93 5942.3 8579.77 10860.6 13642 15908.8 14649.5 11727.3 8507.44 7042.02 6649.54 5527.05 3173.93 1259.23 0 0 0 0 
0 0 0 723.121 1822.65 3173.93 3818.53 3173.93 2237.9 2238.09 3818.53 7908.77 11173.9 12176.6 10468.1 7765.14 6255.82 7607.1 9345.58 9823.47 7349.7 3897.06 1259.23 723.121 1822.65 3173.93 3818.53 3173.93 1822.65 1446.24 1259.23 1514.97 1259.23 1982.35 5692.4 11874.9 17703.6 18826.1 14228 7607.1 2518.47 0 0 0 0 0 0 0 0 723.121 1822.65 3173.93 3818.53 3173.93 1822.65 723.121 1259.23 3897.06 6786.28 8579.77 10283.6 15230.6 23372.9 30245.3 29908.8 21384.2 11519.7 4756.56 3818.53 6649.54 9259.23 11082.7 12519.5 13691.6 12176.6 9424.1 6255.82 4433.17 3818.53 3173.93 1822.65 723.121 0 0 0 0 
0 0 0 0 723.121 1259.23 1514.97 1259.23 723.121 1259.23 3173.93 6250.17 8472.19 8700.98 6992.47 6107.66 6511.55 10068.7 13299.1 13527 9823.47 5077.76 1514.97 1259.23 3173.93 5527.05 6649.54 5527.05 3897.06 3081.88 3173.93 3818.53 4004.45 3752.88 6779.74 12290.7 17823.5 18468.1 13642 7156.15 2238.09 0 0 0 0 0 0 0 0 1259.23 3173.93 5527.05 7064.8 5527.05 3173.93 1259.23 723.121 1822.65 3173.93 3818.53 7553.9 13490.5 22830.4 30023 29943.6 21812.5 12056.7 5735.23 3897.06 5527.05 7372.66 8072.82 8170.52 8251.7 6992.47 5411.84 3268.89 1982.35 1514.97 1259.23 723.121 0 0 0 0 0 
0 0 0 0 0 0 0 0 0 723.121 1822.65 3173.93 4541.65 4433.17 3752.88 3497.32 5800.89 9823.47 13527 13299.1 9345.58 4688.91 1674.49 1514.97 3818.53 6649.54 8000 6649.54 5077.76 4688.91 6250.17 7908.77 7042.02 5692.4 6415.52 9424.1 14266.3 13691.6 9960.22 5156.29 1259.23 0 415.256 0 0 0 0 0 415.256 1514.97 4541.65 7908.77 9514.97 7908.77 4541.65 1514.97 0 723.121 1259.23 2653.35 5319.97 11520.6 20057.5 26467.7 26596.9 21246.4 12921.4 6671.26 4341.11 3897.06 3818.53 3897.06 3805 4220.45 4033.44 3497.32 1982.35 723.121 0 0 0 0 0 0 0 0 
0 0 0 0 0 0 0 0 0 0 723.121 1259.23 1514.97 1259.23 723.121 1259.23 3897.06 7349.7 9823.47 9345.58 6347.87 3081.88 723.121 1259.23 3173.93 5527.05 6649.54 5942.3 4688.91 5800.89 8472.19 11173.9 10468.1 7715.59 7329.63 9068.68 10022.4 9510.93 6442.82 2545.77 1446.24 1259.23 1514.97 1259.23 723.121 0 415.256 0 415.256 1982.35 4996.58 8700.98 10468.1 8700.98 4996.58 1982.35 0 0 0 1259.23 4433.17 10562.5 16773.4 20684 21151.4 18152.9 12905.4 8360.18 5412.03 3081.88 2238.09 1259.23 1446.24 1822.65 3173.93 3818.53 3173.93 1822.65 723.121 0 0 0 0 0 0 0 
0 0 0 0 0 0 0 0 0 0 0 0 0 0 0 723.121 1822.65 3897.06 5077.76 4688.91 3081.88 1446.24 0 723.121 1822.65 3173.93 3818.53 3173.93 3081.88 5156.29 8700.98 12176.6 12176.6 11593.5 11320 12619.4 12929.7 10568.3 5627.65 2892.48 1822.65 3173.93 3818.53 3173.93 2545.77 2397.61 2238.09 2518.47 2238.09 3241.59 5719.7 8700.98 10468.1 8700.98 4996.58 1982.35 0 0 415.256 1514.97 4541.65 8472.19 13156.3 14901.2 15293.7 14420.3 12500.3 9823.47 6786.28 3173.93 1259.23 0 1259.23 3173.93 5527.05 6649.54 5527.05 3173.93 1259.23 0 0 0 0 0 0 0 
0 0 0 0 0 0 0 0 0 0 0 0 0 0 0 0 723.121 1259.23 1514.97 1259.23 723.121 0 415.256 0 723.121 1259.23 1514.97 1259.23 1861.5 3337.62 6992.47 10468.1 12620.2 14635.9 17237.4 20206.1 20062.2 14699.4 7794.11 3777.7 3173.93 5527.05 6649.54 7388.54 6255.82 6671.26 6900.41 7070.99 6056.44 5412.03 6364.3 9047.15 9514.97 7908.77 4541.65 1514.97 0 0 0 1259.23 3173.93 6250.17 8631.89 9279.92 9122.07 9619.42 9823.47 9822.65 7372.66 3818.53 1514.97 415.256 1514.97 3818.53 6649.54 8000 6649.54 3818.53 1514.97 0 0 0 0 0 0 0 
0 0 0 0 0 0 0 0 0 0 0 0 0 0 0 0 0 0 0 0 723.121 1259.23 1514.97 1259.23 723.121 0 0 0 415.256 1982.35 4433.17 7042.02 11257.7 15628 22588.2 29116.6 28569.1 20906.2 11293.9 4544.91 3818.53 7372.66 9982.35 11246.4 11425.6 12842.9 13412.7 12876.7 10546.6 8768.63 7607.1 8301.25 7908.77 6250.17 3173.93 1259.23 0 0 0 1138.38 1822.65 3173.93 3818.53 3897.06 4341.11 5412.03 6786.28 7372.66 5527.05 3173.93 1259.23 0 1259.23 3173.93 5527.05 6649.54 5527.05 3173.93 1259.23 0 0 0 0 0 0 0 
0 0 0 0 0 0 0 0 0 0 0 0 0 0 0 0 0 0 0 723.121 1822.65 3173.93 3818.53 3173.93 1822.65 723.121 723.121 1259.23 1514.97 1982.35 2545.77 4004.45 6848.47 14052.6 23292.2 31366.4 30416.7 21865.1 11200.5 4500.82 3897.06 7349.7 11498 14034.5 16831.8 19570.4 19583.7 17732.2 14524 10710.3 8815.11 8507.44 6992.47 4996.58 2545.77 723.121 0 1138.38 1259.23 1514.97 1982.35 1982.35 1514.97 1259.23 1446.24 1822.65 3173.93 3818.53 3173.93 1822.65 723.121 0 723.121 1822.65 3173.93 3818.53 3173.93 1822.65 723.121 0 0 0 0 0 0 0 
0 0 0 0 0 0 0 0 0 0 0 0 0 0 0 0 0 0 0 1259.23 3173.93 5527.05 6649.54 5527.05 3173.93 1982.35 1822.65 3173.93 3818.53 3173.93 2545.77 1982.35 4448.69 11035.7 19855.7 26689 26599.9 18945.9 9337.7 3428.6 3081.88 6763.13 10860.6 16347.5 20255.1 23372.2 22810 18769.7 14420.3 10683.3 9424.1 9168.01 7042.02 4433.17 2397.61 723.121 1982.35 3337.62 4433.17 4541.65 3173.93 1822.65 723.121 0 0 723.121 1259.23 1514.97 1259.23 723.121 0 0 0 723.121 1259.23 1514.97 1259.23 723.121 0 0 0 0 0 0 0 0 
0 0 0 0 0 0 0 0 0 0 0 0 0 0 0 0 0 0 415.256 1514.97 3818.53 6649.54 8000 6649.54 3818.53 2774.2 3173.93 5527.05 6649.54 5527.05 3897.06 2518.47 4099.59 8242.15 15509.7 20623.6 20551.7 14635.9 7434.14 1930.23 2238.09 5077.76 10146.9 16238.2 21070.2 23710.7 22506.7 17286.8 12312.4 8974.82 8472.19 8723.12 7372.66 5077.76 3753.06 3081.88 5571.54 6992.47 8700.98 8472.19 6250.17 3173.93 1259.23 0 0 0 0 0 0 0 0 0 0 0 0 0 415.256 0 0 0 0 0 0 0 0 0 
0 0 0 0 0 0 0 0 0 0 0 0 0 0 0 0 0 0 0 1259.23 3173.93 5527.05 6649.54 5527.05 3589.19 2774.2 3818.53 6649.54 8000 7372.66 5641.18 4688.91 5077.76 9053.34 13042.1 15929.7 14695.1 10147.2 4433.17 1259.23 1259.23 3173.93 7924.66 13161.1 18769.7 21550.8 20198.3 14164.6 9298.21 5948.14 6250.17 7372.66 7349.7 6347.87 7060.12 8437.61 10379.6 12450.4 12899.7 11173.9 7908.77 3818.53 1514.97 0 0 0 0 0 0 0 0 0 0 0 723.121 1259.23 1514.97 1259.23 723.121 0 0 0 0 0 0 0 
0 0 0 0 0 0 0 0 0 0 0 0 0 0 0 0 0 0 0 723.121 1822.65 3173.93 3818.53 3173.93 1822.65 1982.35 3173.93 5527.05 6649.54 6786.28 6347.87 7201.54 8164.51 10068.7 11646.1 12433.2 10468.1 6992.47 3337.62 723.121 723.121 2237.9 4688.91 9619.42 14256.6 16864.7 15281.4 10068.7 5412.03 3081.88 3173.93 5077.76 6347.87 9211.19 11969.5 14034.5 16160.5 16330.2 13999.2 11191.2 7042.02 3173.93 1259.23 0 0 0 0 0 0 0 0 0 0 723.121 1822.65 3173.93 3818.53 3173.93 1822.65 723.121 0 0 0 0 0 0 
0 0 0 0 0 0 0 0 0 0 0 0 0 0 0 0 0 0 0 0 723.121 1259.23 1514.97 1259.23 723.121 723.121 1822.65 3173.93 4233.79 4688.91 5641.18 7372.66 9259.23 9823.47 10068.7 9423.74 7042.02 4433.17 1982.35 0 0 723.121 2518.47 5412.03 8608.93 10546.6 9345.58 6347.87 3081.88 1446.24 1674.49 3029.94 5800.89 10454.5 15607.1 19169.1 19892.2 17336.9 12598 8251.7 4433.17 1822.65 723.121 0 0 0 0 0 0 0 0 0 0 1259.23 3173.93 5527.05 6649.54 5527.05 3173.93 1259.23 0 0 0 0 0 0 
0 0 0 0 0 0 0 0 0 0 0 0 0 0 0 0 0 0 0 0 0 0 0 0 0 0 723.121 1259.23 1514.97 2518.47 3897.06 5527.05 7372.66 7349.7 6347.87 5077.76 3173.93 1822.65 723.121 0 0 0 723.121 1822.65 3897.06 5077.76 4688.91 3081.88 1446.24 0 0 1259.23 4848.42 10216 16718.2 20648.8 19874.9 15624.4 9510.93 4852.59 1982.35 723.121 0 0 0 0 0 0 0 0 0 0 415.256 1514.97 3818.53 6649.54 8000 6649.54 3818.53 1514.97 0 0 0 0 0 0 
0 0 0 0 0 0 0 0 0 0 0 0 0 0 0 0 0 0 0 0 0 0 0 0 0 0 0 0 0 723.121 1822.65 3173.93 3818.53 3897.06 3081.88 2238.09 1259.23 723.121 0 0 0 0 0 723.121 1259.23 1514.97 1259.23 723.121 0 0 0 1138.38 3337.62 8251.7 13642 17424.1 16381 11583.7 5948.14 1982.35 0 0 0 0 0 0 0 0 0 0 0 0 0 1259.23 3173.93 5527.05 6649.54 5527.05 3173.93 1259.23 0 0 0 0 0 0 
0 0 0 0 0 0 0 0 0 0 0 0 0 0 0 0 0 0 0 0 0 0 0 0 0 0 0 0 0 0 723.121 1259.23 1514.97 1259.23 723.121 0 0 0 0 0 0 0 0 0 0 0 0 0 0 0 0 0 1982.35 5156.29 8864.67 11082.7 10068.7 6347.87 3081.88 723.121 0 0 0 0 0 0 0 0 0 0 0 0 0 723.121 1822.65 3173.93 3818.53 3173.93 1822.65 723.121 0 0 0 0 0 0 
0 0 0 0 0 0 0 0 0 0 0 0 0 0 0 0 0 0 0 0 0 0 0 0 0 0 0 0 0 0 0 0 0 0 0 0 0 0 0 0 0 0 0 0 0 0 0 0 0 0 0 0 723.121 1822.65 3897.06 5077.76 4688.91 3081.88 1446.24 0 0 0 0 0 0 0 0 0 0 0 0 0 0 0 723.121 1259.23 1514.97 1259.23 723.121 0 0 0 0 0 0 0 
0 0 0 0 0 0 0 0 0 0 0 0 0 0 0 0 0 0 0 0 0 0 0 0 0 0 0 0 0 0 0 0 0 0 0 0 0 0 0 0 0 0 0 0 0 0 0 0 0 0 0 0 0 0 0 0 0 0 0 0 0 0 0 0 0 0 0 0 0 0 0 0 0 0 0 0 0 0 0 0 0 0 0 0 0 0 
